353 2137
0 1 11381
0 2 13006
1 3 10764
1 4 11900
2 5 10470
1 6 4836
3 7 924
6 8 12907
5 9 7211
6 10 8269
10 11 9024
1 12 18683
5 13 14116
5 14 16237
12 15 5941
0 16 4826
13 17 11615
16 18 18763
10 19 5170
3 20 11968
11 21 14174
6 22 19212
2 23 10646
7 24 16072
1 25 7688
25 26 18799
21 27 19521
1 28 14656
15 29 8907
16 30 16832
18 31 7561
22 32 6137
12 33 16858
10 34 18000
5 35 9732
34 36 1088
32 37 16082
25 38 5418
0 39 15863
22 40 18265
3 41 7109
22 42 19807
4 43 18701
36 44 16724
10 45 462
24 46 3347
4 47 15989
3 48 18444
18 49 8881
4 50 7643
35 51 18454
8 52 18145
19 53 16139
13 54 11234
38 55 19627
38 56 876
10 57 15338
44 58 18068
58 59 2314
37 60 7661
44 61 9937
23 62 9418
5 63 15613
54 64 6735
61 65 13232
58 66 11776
56 67 6873
5 68 6875
40 69 9836
11 70 8954
69 71 8060
19 72 8975
30 73 15240
45 74 11440
27 75 5060
51 76 18811
23 77 4183
19 78 6242
70 79 4524
60 80 8138
42 81 169
58 82 4581
6 83 3971
57 84 7390
53 85 6325
79 86 5620
29 87 7116
56 88 17429
26 89 12307
44 90 2280
87 91 15232
47 92 8626
86 93 7398
21 94 3242
14 95 6353
74 96 17214
67 97 14557
15 98 2763
60 99 9270
88 100 12087
28 101 4300
60 102 6028
43 103 9312
45 104 8070
82 105 7101
86 106 14653
31 107 18108
47 108 9566
48 109 12093
86 110 3606
51 111 16787
104 112 8925
27 113 5270
58 114 32
39 115 18375
52 116 7153
65 117 3933
115 118 4187
110 119 8046
91 120 3769
112 121 15973
96 122 6545
66 123 16495
4 124 15676
112 125 17238
100 126 16066
74 127 18768
119 128 16528
96 129 7134
87 130 13483
37 131 3538
14 132 17887
28 133 11475
41 134 10252
17 135 9514
45 136 9980
66 137 19014
36 138 16797
38 139 1108
33 140 7688
72 141 5312
62 142 18305
132 143 379
57 144 4021
102 145 10875
36 146 2456
13 147 1202
126 148 18551
111 149 9056
96 150 4586
140 151 10505
100 152 5816
118 153 6951
58 154 19492
138 155 12376
11 156 3164
52 157 2813
65 158 10764
43 159 16103
145 160 19831
5 161 13550
135 162 11807
115 163 2340
60 164 6901
101 165 19671
19 166 14905
156 167 932
142 168 2584
22 169 13218
51 170 7550
2 171 10101
73 172 6514
8 173 15405
152 174 10563
141 175 18709
92 176 6236
61 177 10921
81 178 7312
107 179 17870
164 180 5177
134 181 14108
111 182 7504
149 183 12112
131 184 1687
111 185 13917
60 186 2352
152 187 14015
158 188 19892
72 189 3054
108 190 2087
189 191 16995
62 192 13052
49 193 14524
169 194 1
131 195 12645
25 196 14821
31 197 15369
142 198 18063
95 199 13112
140 200 9686
118 201 15183
21 202 1716
58 203 8597
63 204 16059
10 205 12005
199 206 19585
115 207 2164
189 208 10906
16 209 446
84 210 16598
84 211 1300
171 212 8987
118 213 4109
20 214 14900
34 215 7837
165 216 3552
113 217 9583
84 218 10576
149 219 12417
206 220 8818
26 221 11597
169 222 4470
131 223 19115
206 224 11202
85 225 5428
18 226 18140
25 227 6517
10 228 12762
135 229 3228
63 230 1770
205 231 9696
7 232 2366
99 233 8680
226 234 12648
174 235 9629
229 236 18689
42 237 4362
222 238 1956
104 239 19748
210 240 2548
141 241 9920
188 242 16147
73 243 1529
83 244 10196
78 245 369
87 246 18597
185 247 2053
93 248 785
115 249 14907
101 250 10871
138 251 5498
23 252 13988
185 253 7528
116 254 17130
191 255 611
69 256 14673
97 257 4557
254 258 12894
70 259 121
57 260 2231
50 261 1798
6 262 5211
44 263 10242
252 264 8112
154 265 7280
142 266 10792
118 267 5996
49 268 9776
136 269 18980
102 270 19001
18 271 8528
203 272 12777
96 273 19366
269 274 13334
8 275 13244
171 276 2228
125 277 9577
273 278 19512
237 279 14834
4 280 12109
97 281 4631
180 282 16889
250 283 7981
261 284 13413
200 285 18008
2 286 12355
264 287 19319
77 288 7474
32 289 5325
105 290 10111
141 291 15152
162 292 10832
41 293 8595
59 294 7830
157 295 15607
125 296 9862
2 297 10708
278 298 16700
231 299 11542
77 300 11848
127 301 545
238 302 17828
52 303 4639
24 304 16906
148 305 13485
171 306 1970
214 307 7836
212 308 3376
201 309 261
265 310 17147
98 311 623
149 312 3130
25 313 2741
67 314 12392
51 315 11550
198 316 13730
74 317 5128
71 318 10119
235 319 4199
265 320 18777
189 321 11283
220 322 19795
33 323 1110
221 324 9927
112 325 13680
96 326 13675
21 327 15666
154 328 7299
21 329 12785
78 330 18520
80 331 10870
10 332 9197
186 333 5201
95 334 7342
95 335 6762
316 336 6889
224 337 12117
169 338 5432
49 339 2049
168 340 12417
232 341 2197
88 342 7290
106 343 7589
95 344 4488
198 345 9678
173 346 3863
25 347 6967
273 348 9650
130 349 19063
182 350 8507
189 351 8575
303 352 3555
294 25 3095
152 194 9542
104 154 2204
217 217 15192
1 130 18919
329 145 973
1 136 17888
255 352 12391
216 304 19852
136 126 13487
281 9 13459
251 198 19824
25 94 1326
28 35 4389
102 57 1713
149 30 7266
276 64 16679
342 72 4867
149 164 7790
112 200 15428
295 323 11533
193 28 4682
323 244 2833
335 147 8389
64 95 15009
8 239 8044
340 232 5025
342 307 8021
200 298 43
153 49 5733
200 314 10527
310 324 4759
156 343 15171
54 46 11464
262 187 4687
293 58 14385
74 311 4915
80 204 366
260 145 1640
258 83 16510
4 108 18718
349 92 5190
100 147 19530
302 332 11812
186 331 7318
6 151 19117
265 130 17101
59 215 18230
81 223 19978
84 251 4791
334 73 5916
113 302 9121
102 213 7187
248 195 8765
325 46 10259
197 42 8695
117 264 3742
332 59 3655
297 10 1919
85 278 18432
227 330 317
57 226 108
266 282 12478
285 160 18998
35 188 10202
286 102 5040
244 42 4660
327 104 1762
124 30 230
142 159 10351
137 187 13399
318 37 14495
212 215 18911
118 331 2271
302 258 5900
42 32 13208
166 36 16898
301 249 4541
227 283 15802
173 352 9657
274 138 7549
198 103 19231
237 111 17435
249 23 8053
106 0 3453
295 173 7033
178 267 7968
312 120 9418
277 262 13652
25 114 19200
161 104 8833
129 54 7655
62 222 5541
68 249 15422
236 286 9999
199 220 5268
144 243 4915
73 22 6701
133 289 12827
197 68 15722
212 9 7904
254 19 16688
313 230 18120
6 157 11132
297 182 14125
280 41 19660
240 158 6449
155 293 11552
235 257 1644
22 312 16639
254 214 1927
45 308 7123
346 162 14850
284 106 11645
94 21 153
254 112 3447
35 14 10035
172 101 11921
174 155 7143
317 150 16655
342 203 2711
189 104 15624
323 48 1514
194 264 15712
72 306 11185
285 138 19508
123 149 8129
73 210 146
163 69 898
110 289 10711
197 80 13391
86 205 9623
229 259 3660
174 322 8743
221 230 14578
72 98 12118
195 339 8487
141 327 1780
184 138 492
182 49 3972
111 297 156
134 94 11752
337 22 5201
319 333 10243
308 2 1294
132 350 19839
241 112 10090
188 254 6982
275 52 5159
105 35 2851
59 245 8545
166 234 5045
326 119 10993
78 223 8605
157 284 7523
230 320 11091
92 229 13524
244 245 5954
81 271 9103
341 27 5593
98 210 1988
8 242 2306
341 321 14732
141 103 6470
339 255 19821
202 308 17424
44 246 19460
141 140 10242
148 55 18123
70 29 15772
227 151 7504
78 338 14508
172 16 19045
310 255 9620
121 204 64
86 54 13906
26 44 19688
129 66 2913
242 96 1128
17 193 9884
227 244 19158
207 219 18576
101 208 1249
199 268 4434
1 145 5657
279 241 9715
255 19 10043
141 350 15822
106 252 4622
251 211 18833
107 176 6940
323 61 13537
120 144 130
295 106 17545
32 5 14216
236 252 10617
160 286 913
143 130 16587
258 277 11043
102 333 18765
117 134 19667
179 132 11048
273 346 7801
66 342 18340
316 287 17124
331 254 3435
186 279 15752
345 128 12849
81 187 6560
302 63 8180
267 137 8074
174 51 13999
229 177 19005
218 72 16876
324 296 16039
166 267 3152
306 306 13408
3 89 16066
160 343 12659
338 211 10041
297 331 11080
34 21 2134
76 28 4924
69 31 13333
252 183 12469
317 85 555
188 50 9545
186 184 12766
31 99 81
220 279 12283
329 100 17033
284 344 13689
287 99 11154
314 108 16172
268 331 3681
52 296 3921
203 184 10588
161 235 19611
196 187 4322
173 175 19972
261 249 16107
307 347 3384
62 199 2950
195 242 8978
105 320 3324
90 225 6280
119 161 5668
0 128 4162
84 166 5920
212 40 2167
266 32 8631
241 107 7103
271 139 509
0 345 1768
118 181 18864
172 254 19168
9 317 3895
41 263 16994
230 69 10650
143 281 13784
200 302 2001
44 194 10052
268 230 15673
164 94 10096
111 175 867
42 57 19740
17 71 11506
140 339 1080
319 98 6373
95 134 1493
71 118 979
308 7 10007
80 331 7898
26 97 16248
287 256 13917
319 272 5413
86 111 17524
157 27 5494
78 331 10383
281 171 2417
327 171 6420
246 199 19186
168 318 5719
56 75 9280
279 161 5349
285 26 14060
279 46 7730
77 331 18240
175 173 13262
146 219 3048
189 215 310
97 254 3698
152 286 673
310 174 12542
274 312 19001
76 273 15181
287 207 14973
252 137 11289
16 228 11675
151 197 14749
249 42 18080
306 335 11565
6 23 18008
216 248 4248
46 152 6223
240 142 8345
342 350 3220
129 289 15752
227 350 11599
97 175 10815
68 167 17025
58 184 2975
11 240 2196
42 107 8477
278 11 472
327 339 7503
301 132 12490
293 4 12669
228 179 8577
274 34 19021
226 24 14627
217 21 5975
130 137 11820
98 204 16068
262 107 17132
214 193 2760
66 350 141
283 298 164
286 52 3672
315 113 11586
201 47 18035
172 20 7744
302 220 10994
183 339 2177
104 258 6537
334 348 15222
273 283 7410
129 44 4982
124 303 10005
20 206 9309
9 310 4900
80 172 4095
276 225 15432
323 154 5672
24 188 12186
89 92 17241
83 214 3780
227 300 17238
216 280 17698
345 285 8712
350 150 15718
73 238 6356
208 60 19876
47 164 6539
262 170 11199
289 259 7208
81 104 8480
290 261 14482
315 24 16679
296 104 19654
303 194 2983
123 32 15348
170 73 12099
336 321 16699
300 124 13852
129 61 18034
324 103 9381
74 57 17543
198 71 11076
335 159 16413
180 316 7689
136 309 16575
272 180 18401
235 165 6882
158 204 3020
190 321 5060
66 248 13877
250 295 15969
329 177 3868
104 332 18689
37 57 7038
118 149 13599
250 191 11689
145 257 9525
230 62 9961
80 295 16871
189 235 4125
158 212 1450
112 157 16410
329 135 18469
117 333 8910
152 319 9852
88 125 17050
45 308 7270
187 325 17591
339 123 3209
301 97 16780
290 164 6576
64 253 9706
257 25 273
119 122 13859
258 75 18809
90 278 5957
197 177 5747
92 334 75
128 17 4368
267 295 11961
210 87 4287
349 242 16595
98 210 5278
123 324 2864
15 182 6480
285 101 11904
340 98 16833
231 63 2912
78 338 8136
293 71 9310
209 233 1964
81 301 19469
192 292 10527
202 47 6725
166 100 12159
297 11 12255
350 218 16757
257 315 1503
272 42 14240
330 42 2776
44 38 8992
344 76 14568
80 191 8262
107 77 17200
198 56 5386
258 232 3536
42 206 9656
35 58 15987
328 305 14224
0 71 912
344 120 5446
218 288 6887
279 351 7271
249 103 13018
236 137 19155
306 218 4772
57 316 18166
138 312 17583
269 85 18104
1 1 10564
31 3 18278
238 77 5116
321 240 17944
209 209 15576
90 105 5173
247 78 12668
263 241 9819
70 58 13780
118 25 6004
79 114 18348
182 100 18993
164 129 17824
207 221 8310
114 233 3814
45 57 10365
226 285 14424
202 150 1449
60 1 15444
276 165 19127
42 237 14260
142 102 2749
102 309 18185
85 16 6395
308 160 9698
341 76 306
184 287 3334
308 52 10562
116 165 15896
209 302 7049
261 109 12485
40 140 5416
289 175 18311
70 329 2399
26 99 12392
0 119 10400
205 278 1599
339 311 15572
209 43 11200
73 152 4668
228 8 10358
338 188 16445
76 296 2900
254 62 12305
340 128 9374
160 103 8659
210 148 8669
328 92 11574
65 115 18019
34 128 214
287 176 10235
130 184 16519
285 275 16053
163 104 18783
165 350 13404
108 82 8445
156 213 15945
244 221 727
46 296 19840
100 15 2964
320 35 3750
109 238 10065
176 60 579
145 134 10556
190 315 17032
205 14 6775
53 176 13518
270 54 15122
304 55 12181
175 12 18728
276 26 3669
153 167 10547
206 19 6025
170 318 7184
279 15 8787
25 28 3567
126 158 6405
155 225 4059
127 239 15976
46 155 717
69 313 18446
44 239 18190
191 274 8607
326 263 5357
158 190 6572
246 56 19638
101 147 15260
244 46 8914
36 35 7384
125 285 7709
299 213 19300
196 121 19840
328 306 9126
11 63 15603
273 345 16333
13 319 2787
320 314 11200
299 84 3442
84 342 787
60 46 2704
114 20 19871
7 188 8111
13 306 10436
138 62 7161
305 143 7532
296 79 3539
126 298 10494
271 308 11698
347 156 3863
20 341 18823
68 334 16484
148 310 18698
28 334 17026
330 158 3664
126 35 18227
293 89 8420
189 17 6950
322 220 9147
82 120 18939
47 221 5476
329 134 18109
349 194 14640
3 60 9963
196 89 9082
21 323 1219
189 97 478
80 135 5604
240 301 7619
351 253 17986
87 318 7277
247 271 1364
39 52 256
244 190 6412
140 349 4446
284 336 1105
338 322 10130
247 79 12084
306 281 4967
229 87 9493
127 75 18611
157 158 1161
81 172 19126
175 148 8539
212 114 14339
106 320 11932
115 260 17327
264 202 5204
332 184 18978
198 60 19097
78 328 13579
264 78 6502
246 103 14326
187 89 500
204 153 615
54 165 4887
239 149 3114
246 209 8460
224 16 10870
43 282 4868
234 236 14319
278 299 9502
220 77 12120
252 260 17774
320 284 7835
320 144 18785
94 205 14926
349 117 2311
216 235 6070
264 138 10439
89 220 13735
157 12 4748
126 294 13547
260 219 3653
251 160 3463
23 249 8591
314 330 18610
268 104 17643
116 70 10887
189 279 3936
198 44 4316
36 166 8897
261 97 5306
178 274 13589
76 110 2209
284 81 8544
142 276 6468
5 162 17009
266 202 18090
148 120 2607
273 147 16652
69 280 7258
127 272 13918
347 175 13254
291 15 2846
193 87 1024
5 141 12670
119 148 13183
349 55 17234
316 78 7039
78 249 17860
116 233 17234
19 77 16356
59 11 3644
173 250 1300
104 24 15909
63 330 5356
337 343 15538
196 4 13019
83 204 6456
97 33 3550
164 133 2772
175 74 483
269 191 335
159 63 5637
47 275 11841
211 103 9237
113 17 10442
133 240 19011
79 350 7491
230 343 16952
19 99 16459
250 160 5225
136 320 15128
286 18 10134
97 179 17807
221 92 17353
243 161 2687
304 334 12026
341 55 7123
192 20 15937
74 112 420
266 16 6761
225 347 6276
260 270 618
301 43 5134
247 117 15118
82 318 6342
147 273 9094
190 291 14029
352 108 12451
207 32 18272
230 154 6566
316 244 13224
170 46 15895
105 36 19495
258 3 5652
12 260 15449
244 202 12412
208 18 456
58 349 14127
288 70 6936
1 245 3759
229 182 19848
26 338 13341
87 251 10151
172 77 3309
181 173 9097
224 112 8473
310 10 2599
48 68 19552
308 128 9630
0 307 9371
271 207 13893
329 254 10531
255 318 8757
146 213 8680
89 44 14091
86 173 11331
340 105 13754
168 243 16391
171 82 14801
258 48 16216
112 191 16540
162 126 17298
93 113 3871
190 206 15274
82 294 683
172 37 17079
335 203 8275
336 316 6425
18 17 5252
68 207 6858
284 70 6673
50 335 7578
22 171 16771
53 227 13290
209 57 17473
90 159 16072
111 161 14708
98 200 13228
229 339 19345
235 182 12364
319 120 8104
340 76 14007
252 261 1108
148 314 14836
298 67 7621
115 308 16475
214 323 8526
192 117 18865
55 279 10043
79 177 8981
22 176 8074
151 6 9730
97 239 9959
109 130 10182
84 83 12821
59 118 2686
252 141 9099
279 235 9885
8 246 6738
129 27 6437
126 95 9250
183 9 4287
319 239 6341
116 300 4565
159 80 11834
311 22 18466
263 166 7675
230 175 5925
110 31 18608
294 279 2879
246 195 18751
346 327 16807
175 127 10520
284 289 14765
314 35 1659
331 6 15379
191 296 6671
296 111 11063
117 1 3920
299 225 8304
94 68 5916
179 306 8474
207 267 8396
331 144 1948
158 309 19215
42 204 8102
153 135 13332
241 63 9382
93 93 15639
66 249 827
345 290 10817
244 99 13321
318 318 7824
71 164 9497
32 84 4925
162 346 2200
219 120 8318
215 202 7937
95 284 14841
319 171 7146
198 232 334
244 289 2747
155 260 9147
242 178 13636
349 252 18285
215 25 12974
10 22 8181
184 16 18119
131 259 2206
3 95 2898
214 33 11059
307 265 306
89 145 5920
206 81 6735
176 304 13742
53 294 8971
253 339 3003
100 294 9898
302 115 16659
200 201 16532
202 73 1921
12 161 4895
55 209 19332
130 96 10287
227 104 18722
46 138 9145
15 258 17563
140 215 15026
351 258 13471
49 84 8439
336 167 4579
163 112 13375
13 149 15851
338 177 6143
267 350 11637
220 234 8459
291 104 12357
319 57 8809
24 271 15743
337 343 16120
183 242 1325
301 115 15687
104 294 17580
264 34 2592
240 346 14482
141 300 13577
220 167 6589
279 150 743
313 53 13515
265 136 14475
225 6 9022
200 167 10662
252 45 8308
232 4 5260
208 193 14810
342 23 19445
179 168 2522
106 109 4180
268 178 14743
291 27 19071
337 93 6260
264 73 12296
190 251 18421
186 176 1410
105 226 10393
101 131 17272
67 96 6572
41 349 6699
171 306 18195
233 77 18091
341 233 3805
189 290 3115
103 74 3902
326 34 1383
53 121 2127
173 314 17972
90 316 2257
267 299 1576
240 46 13268
11 226 10380
17 87 17542
196 234 15029
312 15 2388
66 87 13897
77 303 18522
63 281 3869
202 150 15393
76 10 11361
147 142 19315
308 207 16236
284 269 13808
25 207 2155
45 92 15701
312 174 3636
251 131 10001
81 71 1042
191 15 8806
54 293 17233
271 53 12978
37 175 15099
30 144 16012
224 82 16343
195 153 1794
55 119 12845
10 0 5968
1 57 4192
90 169 9697
230 32 7244
12 59 18765
37 115 3145
130 198 2144
300 118 12661
2 181 2219
64 118 13119
33 32 5368
198 254 6796
295 41 1505
319 157 5685
250 205 15241
132 215 10173
301 203 7008
134 345 9221
239 13 14701
73 351 9030
177 336 15450
94 51 7053
327 145 3789
53 173 4068
226 337 4263
39 190 6375
204 249 16609
81 207 7570
80 281 7177
276 23 10615
190 67 11880
192 186 13325
210 82 500
71 284 2435
270 341 7052
341 128 19012
27 243 3315
231 310 2140
154 143 134
344 156 15147
351 338 10169
303 215 13464
176 322 4103
198 324 4245
195 128 10794
265 277 17462
223 292 17152
87 96 142
34 330 13259
248 282 18647
11 216 13666
66 149 7570
321 70 2545
129 266 10393
160 210 532
173 186 6705
58 40 17988
294 218 72
319 161 3978
323 325 19841
104 331 12352
126 135 9908
89 100 9131
20 36 11232
251 325 587
308 75 1997
302 143 15634
335 350 11839
316 176 2680
155 158 4392
337 144 4108
66 202 2253
168 245 12202
327 27 5850
74 88 8638
67 25 6659
100 71 6703
29 35 15856
222 16 2961
133 26 9059
228 311 16097
223 212 13550
296 228 16179
116 285 6245
11 265 14141
322 304 12636
117 80 19822
221 283 19751
271 92 17737
191 136 3184
218 348 6059
46 147 5028
279 225 15849
6 62 11683
140 196 15444
344 47 6253
40 281 7044
163 285 16501
233 231 6710
24 289 18717
195 249 10664
110 133 14763
144 322 3759
172 184 19231
342 315 3660
291 342 16119
17 161 3372
351 117 19463
253 153 13485
259 315 13146
156 244 9627
204 294 6476
305 293 5243
76 198 4672
322 278 17906
109 324 10874
47 222 5388
242 81 13429
134 243 17119
83 37 1864
183 181 11002
311 195 10141
302 229 5967
161 274 15356
61 341 16910
249 247 11529
85 276 12184
343 201 16570
127 144 16192
256 143 623
202 350 594
204 135 6821
51 227 10412
65 294 1054
327 35 18421
286 73 12630
314 119 11004
50 219 19459
260 228 6491
273 99 4722
159 51 283
154 100 16120
69 346 8785
239 269 10093
68 153 17605
297 278 5523
189 234 10817
104 278 11095
225 239 6109
182 33 6716
321 237 8027
227 154 10051
215 214 15959
135 44 11542
205 238 11349
82 22 9675
103 179 11118
266 94 1408
8 345 2988
274 128 11186
77 319 13337
36 310 19825
188 205 7205
239 1 16733
339 239 14102
349 263 15010
180 56 9117
221 85 10008
185 56 14617
56 211 9114
129 329 11
192 130 11597
60 211 3864
162 207 12648
198 1 18094
309 48 17803
97 217 1689
7 235 13707
71 292 2143
100 297 19000
146 28 1531
114 90 13796
198 172 6936
248 51 18466
198 230 10136
319 135 4434
323 219 13643
174 94 9001
146 179 4501
182 232 2630
345 155 19492
60 58 16088
347 285 12202
134 104 16430
52 110 14104
190 66 14557
126 289 10741
87 106 11195
14 135 2252
338 252 9513
191 156 8858
261 85 10161
253 36 2130
220 11 18092
313 248 1277
156 336 12974
4 226 13751
270 267 9010
164 180 4038
75 230 17496
330 128 19187
32 85 14215
167 318 12779
66 141 97
135 349 5718
199 132 16450
214 93 1953
75 244 19618
15 141 5564
24 244 11573
36 218 9443
148 148 916
265 133 694
352 80 3656
294 165 9705
247 284 3280
322 233 18244
227 68 6853
159 62 15732
239 101 11336
197 228 322
188 122 6833
141 200 3010
140 17 16920
238 3 13029
351 143 18242
286 324 10149
255 24 9448
42 191 15484
117 49 632
292 79 9374
154 179 10448
156 349 4958
42 31 16993
188 24 10398
87 104 10770
108 258 7942
310 291 2850
70 18 426
285 252 7237
267 118 18878
261 35 18140
289 320 18232
101 139 16299
45 293 1662
239 2 12963
221 286 14564
97 80 16179
156 173 19304
177 152 4215
50 257 6811
303 139 2645
246 249 3058
13 311 1339
205 333 357
276 133 2794
301 136 15298
257 166 12420
340 80 1762
60 122 12692
331 243 13782
223 10 13152
345 23 12241
195 131 16991
268 97 12009
21 221 15821
218 348 8434
160 66 4428
57 187 6072
199 167 19214
22 116 14010
45 78 17128
322 188 7614
30 248 11412
162 104 19550
295 240 3693
298 19 887
336 54 11350
282 122 2183
352 201 10981
151 77 19922
203 325 15915
338 212 16009
159 67 642
332 210 231
156 117 15853
344 85 7515
168 9 11488
349 338 8056
286 327 1460
164 218 1164
204 275 18293
148 206 16031
22 77 10764
290 112 16619
89 255 6028
293 207 15256
7 254 4611
124 70 11443
77 101 12161
352 206 19159
105 157 7981
279 352 3201
128 17 19507
157 195 1365
41 24 1471
344 65 10970
346 251 2469
231 8 15107
298 190 10309
227 317 18270
351 126 3516
238 230 15945
126 45 13692
248 136 14286
164 344 11821
307 311 17636
176 16 17047
269 155 12562
179 233 10987
50 139 8835
118 310 8088
32 111 13180
33 28 13484
327 285 8759
51 259 3063
161 290 15396
188 49 8467
145 1 1481
60 193 3115
165 53 195
4 324 1159
306 40 19707
243 351 5386
113 172 2856
170 191 11866
46 62 17560
107 326 1101
245 299 14537
169 48 13885
87 276 9121
54 89 8492
91 350 3341
302 193 12220
97 340 16061
174 146 4187
345 193 11525
175 295 18477
160 185 17532
197 272 11039
87 340 3449
309 116 11240
255 5 12368
228 261 18480
242 63 2259
116 326 5867
41 176 15174
19 308 6929
2 349 3456
97 156 18816
301 166 14743
28 345 9687
264 139 17608
270 4 5354
142 135 9952
50 169 2953
294 56 14618
203 295 13496
106 219 14946
120 322 7319
347 317 14397
246 81 17194
10 282 7365
44 99 5208
148 109 7557
15 23 13678
224 29 10074
184 310 6506
261 352 6847
241 39 9798
226 96 10059
284 139 5219
304 32 2703
46 232 13128
137 81 5424
187 154 6928
18 146 18907
34 78 13583
106 329 4795
88 255 7877
179 154 12560
38 341 9614
185 173 11088
181 270 1087
186 152 1712
159 123 15832
285 78 18392
318 200 12439
309 208 15716
109 313 11362
141 139 15770
1 188 13852
247 202 3682
241 257 19004
293 65 868
328 2 3460
255 178 5003
72 117 17211
37 272 9782
168 328 14880
299 274 11651
70 331 7105
131 327 4971
165 263 14976
19 165 9308
1 170 11975
222 77 15279
148 116 17524
162 352 16534
256 187 4735
73 67 18378
103 273 4196
256 291 11685
285 244 4958
177 41 1852
122 305 2954
320 12 16445
127 178 10647
129 218 13962
272 124 19146
192 344 16868
220 277 9023
301 235 9056
93 289 1174
134 279 8028
338 37 3649
229 156 18430
127 249 7658
296 36 9187
239 292 8355
223 233 2656
236 77 18275
74 307 13574
343 219 2947
251 142 8004
17 43 7624
266 2 16401
334 32 2973
291 302 15377
343 291 1763
328 164 3636
236 175 10426
104 266 4732
42 302 15823
190 215 12938
132 304 16049
201 345 9713
130 351 6386
17 29 882
131 248 14228
341 153 18710
315 270 15961
35 201 2838
84 185 1106
317 207 3988
295 209 5743
34 7 1885
327 53 19567
95 172 11584
237 59 15344
184 197 9696
200 202 13776
267 175 8401
97 59 7657
273 36 13757
303 225 6656
329 205 14471
68 314 8620
222 202 4464
63 279 7013
163 319 12764
198 198 15343
260 68 3039
74 306 3387
231 60 1994
240 44 2550
146 138 10321
301 231 4457
169 308 7259
176 64 17859
239 239 16493
137 205 489
149 259 18460
27 52 12102
238 179 12790
229 192 14766
157 15 4287
23 38 14764
316 178 12411
302 239 10214
23 4 7514
55 73 810
279 208 2378
15 229 1038
261 2 8115
279 266 13579
299 339 6094
244 47 627
276 352 5606
341 110 14411
175 227 4990
130 311 11521
21 253 5399
42 182 18288
120 280 5939
316 253 6506
244 271 534
306 294 14796
339 120 13690
38 285 19868
312 214 10418
182 298 14376
6 139 6412
77 289 18186
91 339 6352
321 339 13049
235 43 822
139 257 3912
9 209 13372
284 137 11367
123 154 13787
245 54 3436
143 82 1488
257 267 11666
159 26 8640
118 232 3385
101 222 17765
219 86 15145
58 52 12782
8 246 7453
148 250 16868
172 227 15961
23 40 15554
179 241 14280
290 95 1641
200 136 7487
70 217 12357
91 171 15177
326 347 14819
301 151 16058
122 7 9996
168 203 6787
156 30 14630
29 67 12653
173 351 15169
14 76 11723
163 58 19492
185 246 19443
30 62 3703
320 343 16557
186 108 788
264 69 3515
112 132 9625
24 158 4706
313 173 6871
164 14 1037
247 316 11068
314 281 13871
339 210 5721
114 116 16113
219 27 12381
51 36 9112
310 47 18152
11 86 5579
246 215 13916
15 247 3116
264 93 3411
315 13 12037
226 21 10905
239 120 15104
331 117 1479
347 340 16690
248 52 16754
59 343 18542
51 55 8081
348 317 8682
350 324 6890
195 44 18788
272 51 8530
302 105 16097
319 248 3438
289 325 4636
32 62 15661
131 25 12540
148 315 242
150 232 1834
82 350 1713
69 9 6837
229 81 12154
206 31 5418
173 188 19063
284 23 15089
71 95 14257
296 137 4778
27 128 1046
314 345 8467
43 118 5878
40 309 19225
335 206 13540
256 297 1889
311 128 6174
111 236 2810
183 207 13301
341 336 3409
228 105 18000
270 141 7411
0 89 4213
289 207 2097
251 348 11198
214 171 7503
178 4 234
69 228 8870
311 311 6678
141 123 275
345 210 18552
319 253 14292
315 123 17194
339 68 19883
9 185 9671
219 81 7742
226 303 616
268 289 9157
288 61 4426
319 258 16878
101 344 16839
318 75 15356
298 130 17875
286 111 6068
243 90 12347
333 3 7163
317 117 14862
253 234 1295
101 337 10854
233 132 1331
130 344 19836
8 144 2104
101 159 4114
47 37 9312
56 178 8449
172 254 14669
289 171 19902
97 269 13157
221 215 1519
245 202 12160
158 242 7051
337 164 4732
16 105 8905
98 143 19586
290 164 1365
100 46 11074
221 94 16217
328 177 7690
198 271 8628
202 164 5
312 72 7913
113 87 13266
323 92 10803
55 137 7321
104 264 14497
35 334 9572
141 95 5867
21 297 6060
161 312 13381
55 149 13901
61 344 3276
189 102 14933
284 82 14267
309 252 3326
338 107 7052
235 253 1909
94 68 19077
321 246 13790
123 80 5702
238 269 1751
38 311 525
197 215 12964
289 17 17174
206 153 17569
90 242 15764
28 285 7739
105 42 16319
313 133 4702
331 192 1776
47 316 16841
321 125 18451
67 329 6783
156 315 8898
276 247 12580
331 340 3895
344 144 6392
212 179 9512
216 99 3777
185 228 54
49 198 2475
126 334 15645
268 272 2230
96 233 6817
321 53 6951
86 179 17267
311 43 17946
66 59 18792
22 273 313
233 169 19374
42 9 19809
234 39 11513
289 28 2647
15 88 13849
167 200 18341
298 300 1739
42 212 18714
91 16 10345
48 192 3316
287 189 3402
309 191 15905
178 227 17387
167 86 2559
34 241 14521
144 93 10856
194 178 713
347 158 4285
25 72 6549
320 102 16428
299 289 1571
269 25 18066
129 148 7123
44 335 5669
261 72 4848
294 315 11549
320 26 13492
190 76 1858
307 330 10596
216 66 9422
253 207 6653
124 348 19123
65 199 5356
283 270 10289
126 64 1328
282 85 12791
107 119 5084
350 242 4373
243 62 7135
165 137 1176
322 275 4288
73 294 18456
158 350 3484
246 16 14334
17 209 5030
116 18 12429
330 78 9437
338 162 11705
138 275 19971
113 9 6189
213 201 10806
334 292 763
66 332 17350
212 29 5376
245 270 12068
268 93 1963
151 62 7672
290 121 5865
12 270 1455
322 173 698
153 307 4129
115 203 16448
14 77 11221
188 273 1938
130 108 1217
167 342 3963
94 277 6805
235 106 13614
150 103 4947
312 107 13745
188 18 3601
232 180 5801
269 82 17253
70 156 12753
311 257 5473
104 107 4265
49 24 11918
244 338 4249
227 283 9845
262 154 72
315 290 18248
202 62 13809
86 261 3764
132 166 1103
279 153 1927
35 34 15809
202 142 7717
126 41 1821
119 135 3519
106 73 14149
306 258 153
192 109 187
80 205 19281
142 156 4733
75 350 15579
6 18 18178
235 67 11610
89 351 13773
89 131 16574
229 135 16913
75 212 9227
75 13 6823
36 218 6474
210 295 8449
323 120 2954
152 328 10796
165 57 827
232 81 14214
233 240 6562
54 279 13400
283 267 7527
57 288 18314
280 197 12719
131 244 19655
247 240 1441
123 88 4327
191 23 9125
61 344 4850
37 287 7784
269 130 7171
141 293 9485
216 89 8761
137 46 12951
206 273 17178
344 56 711
256 253 13498
35 352 19633
209 39 3000
159 259 13176
325 18 16367
192 76 13930
31 250 12943
75 199 13402
285 167 12816
95 204 10624
32 231 14481
105 63 7814
267 253 13008
263 236 6665
327 218 7917
303 30 4074
67 156 18928
167 46 741
107 227 3109
285 125 33
350 250 19678
47 106 17964
191 119 12887
165 311 11454
266 68 9283
130 76 3801
79 311 19079
177 313 18122
315 48 1344
251 104 17533
247 237 11659
180 24 2976
13 273 10089
243 184 8048
88 273 14983
131 200 8125
